53395407
53394497
53394498
53394499
53394489
53394580
53394570
53394571
53394561
53394562
53394552
53394553
53394544
53394545
53394496
53394495
53394494
53395403
53395412
53395421
53395430
53395339
53395329
53395328
53395318
53395308
53394398
53394397
53394387
53394377
53394367
53394357
53394347
53394337
53394336
53394335
53394334
53394333
53394332
53394342
53394352
53394353
53394348
53394349
53394440
53394441
53394442
53394443
53394444
53394445
53394446
53394447
53394448
53394449
53394540
53394541
53394542
53394543
53394535
53394536
53394546
53394556
53394567
53394577
53394576
53394575
53394585
53394584
53394594
53394593
53394583
53394582
53394581
53394657
53394647
53394646
53394636
53394635
53394634
53394633
53394632
53394631
53394641
53394790
53394780
53395502
53395503
53394557
53394526
53394527
53394528
53394518
53394519
53394509
53394600
53393690
53394555
53394565
53394564
53394574
53394730
53395512
53394566
53394516
53394506
53393596
53393586
53393576
53393567
53393557
53393547
53393537
53393536
53393526
53393525
53393515
53393514
53393524
53395700
53395710
53395628
53395618
53395617
53395607
53395671
53395670
53395661
53395651
53395641
53395631
53395621
53395611
53395601
53394691
53394681
53394671
53394662
53394652
53394621
53394611
53394568
53394558
53394559
53394549
53394539
53394610
53394601
53393691
53394608
53393698
53393699
53393790
53393791
53394701
53394702
53394712
53394713
53394723
53394734
53394745
53394755
53394756
53394746
53394764
53394754
53394744
53394733
53393792
53393793
53394679
53395653
53395663
53395662
53395660
53395654
53395619
53395629
53394486
53394487
53395406
53394693
53394694
53394695
53394696
53395606
53395605
53395615
53395616
53395614
53395604
53394639
53394629
53394619
53394720
53395620
53395610
53395600
53394731
53394732
53394742
53394752
53394753
53394763
53394747
53394748
53394749
53404030
53404031
53404021
53404022
53404012
53404013
53404003
53403094
53403084
53403085
53403086
53403076
53403067
53403057
53403048
53403059
53395648
53395638
53395608
53394698
53394688
53394689
53394678
53395649
53395639
53394612
53394613
53394603
53394604
53394605
53394606
53393697
53395626
53394692
53394682
53394680
53394589
53394578
53394587
53394435
53394425
53394415
53394416
53394406
53394554
53394579
53394781
53394770
53394760
53394659
53394658
53394649
53394721
53394773
53394772
53394771
53394740
53395501
53394607
53394609
53394710
53393696
53393695
53393694
53393684
53393683
53393673
53395623
53395624
53395720
53395721
53395722
53395732
53395733
53395743
53395744
53395754
53395755
53395765
53395776
53395786
53395796
53395797
53395798
53396708
53396718
53395766
53394475
53394465
53394455
53394454
53394319
53394329
53394430
53394450
53394460
53394481
53394491
53395401
53395415
53395416
53394257
53394267
53394258
53394259
53394340
53394341
53394699
53395609
53394687
53394676
53394666
53394665
53394664
53394654
53394655
53394653
53394642
53394651
53394661
53394697
53395405
53395408
53395409
53394590
53395730
53394640
53394602
53393693
53393685
53393675
53393676
53393677
53393678
53393679
53393669
53393760
53393761
53393762
53393772
53393783
53394704
53394714
53394715
53394725
53394726
53394716
53394703
53393773
53393674
53393692
53394529
53394466
53394476
53394327
53394317
53394307
53394308
53394477
53395511
53395510
53395500
53395419
53393689
53393688
53393680
53393670
53393579
53394591
53394592
53394622
53394623
53394614
53394615
53395402
53395422
53395349
53395348
53395347
53395337
53395346
53395356
53395355
53395365
53395364
53395373
53395383
53395392
53396302
53396312
53396311
53396310
53396300
53396209
53396208
53396207
53396217
53396216
53396225
53396215
53396214
53396204
53396203
53396202
53396301
53395622
53395632
53395642
53395633
53395634
53395646
53395645
53395635
53395625
53395603
53395602
53395643
53394517
53394343
53394362
53394371
53394372
53394381
53394391
53394390
53395301
53394392
53394393
53394383
53394384
53394374
53394385
53394375
53394376
53394388
53395307
53395317
53395327
53395420
53395652
53394628
53394627
53394626
53394625
53394624
53393599
53393598
53395647
53395657
53395656
53395666
53394488
53395630
53395539
53394684
53394673
53394663
53394643
53393642
53404047
53404186
53405235
53405224
53405213
53404292
53404281
53404270
53404178
53404177
53404184
53404173
53404162
53404150
53404059
53404058
53404037
53404026
53404024
53404023
53404020
53394739
53394757
53394761
53394400
53394722
53394741
53394572
53395627
53395637
53395665
53395655
53395644
53394616
53394669
53394668
53394508
53394507
53394700
53394484
53394473
53394472
53394471
53394470
53394379
53394378
53394534
53394533
53394525
53395522
53395521
53394515
53394514
53394513
53394503
53395640
53395549
53395529
53395528
53395527
53395537
53395517
53395507
53394597
53394598
53395508
53395509
53395519
53394478
53394469
53394560
53394468
53395513
53395514
53395418
53395429
53395417
53393558
53393559
53393569
53394479
53394573
53394563
53394645
53394411
53394401
53394421
53394432
53395523
53395515
53395505
53395506
53394596
53394686
53394650
53394660
53394670
53394467
53394458
53394672
53394683
53394524
53395664
53393589
53395548
53395558
53395557
53395567
53395675
53395731
53395723
53395724
53395714
53395715
53395705
53395706
53395742
53395741
53395751
53395750
53395659
53395668
53395667
53395676
53394350
53394269
53393568
53393780
53393682
53393672
53393662
53393652
53393651
53393653
53393663
53393664
53394675
53394685
53395685
53395696
53396606
53396607
53396617
53396618
53396619
53396710
53396720
53396609
53396608
53395698
53395688
53395687
53395677
53394457
53394667
53393491
53393481
53393482
53393483
53393474
53393484
53393485
53393486
53393496
53393497
53394407
53394408
53394409
53394500
53393591
53394501
53394502
53393597
53393548
53394743
53394248
53394239
53394229
53394219
53394209
53394208
53393298
53393288
53394268
53394247
53393549
53395612
53394751
53394548
53394538
53394537
53394493
53395357
53395367
53395366
53395376
53395377
53395378
53394511
53395613
53394644
53393681
53394480
53394490
53394630
53393585
53394677
53393539
53393529
53393519
53393518
53393508
53392598
53392588
53392577
53392567
53392557
53392556
53392546
53392535
53392525
53392524
53392514
53392504
53391593
53391582
53391581
53391571
53391570
53391560
53391459
53392578
53394750
53394306
53394316
53394315
53394325
53394324
53394322
53394321
53394311
53394637
53394690
53394599
53395518
53395516
53395526
53395536
53394547
53394620
53395636
53394305
53393396
53393397
53393398
53393399
53394505
53394504
53393593
53393582
53393581
53393570
53393479
53393478
53393467
53393466
53393456
53393455
53393445
53393435
53393434
53393444
53393433
53394638
53394737
53394738
53394729
53394728
53394718
53394719
53394709
53394727
53394736
53394735
53395534
53395535
53395546
53395547
53395568
53395569
53395579
53395680
53395691
53395692
53396602
53396603
53396604
53396615
53396616
53396711
53396721
53396732
53396742
53396752
53396762
53396763
53396773
53396774
53396785
53395427
53393493
53394674
53395704
53395703
53394792
53394782
53395520
53394774
53395673
53395674
53395684
53395694
53396614
53395425
53395434
53395444
53395454
53395464
53395474
53395473
53395483
53395492
53396402
53396411
53396421
53396431
53396430
53396440
53396450
53396359
53396369
53396379
53396388
53396398
53397308
53397318
53397317
53396389
53396401
53395482
53404010
53404000
53404001
53403091
53403092
53403082
53403083
53403073
53395426
53395443
53395453
53395452
53395462
53395461
53395460
53395470
53395379
53395388
53395397
53396307
53396317
53394330
53394331
53394360
53394569
53393661
53393641
53393630
53393620
53395530
53394459
53394277
53394287
53394286
53394296
53395206
53395216
53395226
53395236
53393468
53393477
53393580
53393592
53394438
53395686
53394453
53394648
53395650
53395559
53395577
53394338
53394456
53393595
53395576
53394485
53394618
53394532
53393588
53393587
53393577
53393387
53393388
53393389
53393480
53393490
53393660
53393650
53395504
53395524
53394522
53393432
53393431
53393420
53393410
53393309
53393308
53392398
53392397
53392387
53392377
53392366
53392356
53392355
53392345
53392334
53392324
53392313
53392303
53392302
53391392
53391382
53391381
53391371
53391361
53391351
53391341
53391330
53391229
53391219
53391209
53390299
53390298
53390288
53390278
53390268
53390269
53390259
53390249
53390238
53390228
53390218
53390208
52397298
52397297
52397299
52397390
52397391
52397392
53390303
53390304
53390305
53390306
53390307
53390308
53390309
53390400
53390401
53390411
53390422
53390432
53390442
53390452
53390462
53390472
53390482
53390492
53390493
53391403
53391404
53391414
53391424
53391425
53391435
53391436
53391437
53391448
53391449
53392503
53392566
53392576
53392575
53392585
53392584
53392587
53392597
53393528
53393538
53393584
53393574
53393573
53393563
53393562
53393552
53393551
53393550
53395531
53395540
53395449
53395542
53395552
53395551
53395550
53395459
53395448
53395439
53394717
53393385
53394249
53394289
53395672
53394586
53394595
53394278
53394279
53394380
53395447
53395446
53395456
53395455
53394474
53395712
53395713
53395707
53395708
53395709
53394799
53394789
53404080
53404070
53394779
53394769
53394768
53394767
53394777
53394776
53394765
53394775
53395566
53395565
53395564
53395563
53395586
53395585
53395595
53396504
53396513
53396523
53396522
53396532
53396542
53396541
53396551
53396561
53396570
53396580
53396499
53397409
53397419
53397428
53397438
53397448
53397457
53397467
53397466
53397465
53397464
53397463
53396560
53394656
53394414
53394424
53394434
53394356
53394366
53395363
53395382
53396226
53396235
53396244
53396254
53396253
53396252
53396262
53396261
53396271
53396270
53396179
53396189
53396188
53396198
53396197
53397107
53397106
53397116
53397126
53397125
53397124
53397134
53397133
53397143
53397152
53397162
53397161
53397171
53397170
53397069
53397078
53397087
53397086
53397096
54390006
54390017
54390016
54390026
54390036
53396260
53395436
53393770
53393578
53394326
53404040
53403077
53403087
53393473
53393472
53393462
53393461
53393451
53393450
53393460
53393369
53393359
53393348
53393347
53393346
53393356
53393355
53393354
53393343
53393342
53393352
53393341
53393330
53393239
53393249
53393238
53393237
53395752
53395763
53395773
53395783
53395793
53395792
53396702
53396629
53396639
53396648
53396657
53396656
53396655
53396654
53396653
53396652
53396651
53396650
53396559
53396548
53396547
53396546
53396536
53396526
53396525
53394309
53393386
53393375
53393374
53393364
53393363
53393362
53393353
53395305
53395306
53394396
53394389
53394436
53394437
53394427
53394428
53394419
53394510
53395241
53395243
53395244
53395235
53395237
53395228
53395219
53395300
53395303
53394394
53394395
53394482
53394523
53393566
53393611
53393601
53393600
53392690
53392599
53393610
53395740
53395760
53395770
53395781
53395780
53395790
53396700
53396772
53396782
53396792
53397702
53397712
53397711
53397721
53397730
53397740
53397750
53397760
53397770
53397771
53397781
53397782
53397792
54390702
54390712
54390722
54390732
54390742
54390743
54390744
54390754
54390755
54390765
54390775
54390785
54390795
54390796
53397659
53397720
53396701
53393492
53393590
53394783
53395794
53396704
53396705
53396716
53396727
53396737
53396748
53396759
53396749
53395428
53393297
53393287
53393286
53393276
53393265
53393264
53393254
53393253
53394158
53394149
53394240
53394230
53394220
53394200
53394201
53393281
53393272
53393273
53393284
53393285
53393295
53393289
53393380
53393390
53393391
53394301
54400195
54400185
54400184
54400174
54400164
54400163
54400153
54400143
54400144
54400133
54400123
54400154
54400165
54400175
54400186
54400196
53394550
53394617
53395598
53395658
53395669
53395678
53393395
53394530
53394531
53395345
53395335
53395334
53395333
53395323
53395343
53395352
53394328
53394318
53395469
53395468
53395478
53395488
53395487
53395497
53395496
53396406
53396415
53396414
53396424
53396423
53396433
53396443
53396453
53396452
53396462
53396471
53396470
53396480
53396490
53396399
53396407
53396416
53393594
53393495
53395404
53395413
53395431
53395358
53395375
53395385
53395394
53396304
53396303
53396313
53396323
53396322
53396332
53396331
53396341
53396350
53396360
53396279
53396288
53396298
53396297
53397207
53397206
53397216
53396296
53396286
53397218
53397228
53397229
53397239
53397330
53397340
53397331
53397332
53397322
53397312
53397303
53396393
53396394
53396395
53396385
53396386
53396376
53396366
53396367
53396358
53396348
53396338
53396339
53396329
53396420
53396410
53396400
53395490
53395481
53395471
53395472
53395463
53394512
53394762
53394711
53394276
53394295
53394285
53393575
53393565
53394238
53394373
53394370
53393296
53394206
53394216
53394226
53394215
53395762
53396726
53396736
53396746
53396745
53396744
53396754
53396775
53396776
53396766
53396765
53396755
53396743
53396733
53396723
53396712
53395791
53395689
53394256
53394382
53395302
53395313
53395701
53395725
53395726
53395736
53395737
53395747
53403038
53403039
53403029
53403019
53403100
53402190
53402180
53402170
53402160
53402150
53402049
53402039
53402038
53402028
53402027
53402017
53402006
53401095
53401084
53401073
53401072
53401062
53401051
53401040
53391749
53401050
53401060
53393541
53393540
53393530
53393439
53393428
53393418
53393408
53393407
53392497
53392496
53392495
53392485
53392474
53392463
53392452
53392451
53392441
53392440
53392430
53392339
53392329
53392328
53392318
53392307
53391396
53391386
53391385
53391375
53391374
53391364
53391363
53391353
53391352
53391342
53395532
53395541
53395543
53395544
53395554
53395545
53394418
53394417
53390456
53390457
53390458
53390459
53390469
53390479
53390489
53390499
53390590
53390591
53391501
53391511
53391521
53391531
53391530
53391540
53391469
53391583
53392536
53395767
53395757
53395748
53395738
53395739
53405030
53405020
53405010
53405001
53405002
53404092
53404082
53405012
53394346
53396627
53396637
53396647
53396667
53396668
53394520
53394429
53393666
53393656
53393646
53393752
53393771
53393781
53393640
53394791
53393554
53393544
53393533
53393523
53393513
53393503
53392594
53392593
53393534
53393384
53393394
53393393
53393392
53393381
53393370
53393279
53393278
53393277
53393275
53393274
53393263
53393262
53393252
53393454
53393453
53393509
53393545
53393564
53394588
53395538
53395578
53395588
53395589
53395599
53396508
53396519
53396620
53396630
53396640
53396549
53396645
53396644
53396535
53396524
53396512
53396511
53396510
53396409
53395498
53395477
53395467
53395458
53394464
53394452
53395374
53395384
53394275
53394274
53394273
53394272
53394271
53394270
53395594
53396514
53396613
53396623
53396633
53396643
53396662
53394551
53395319
53395309
53395205
53396509
53393267
53393266
53393256
53393246
53393236
53393226
53393225
53393224
53393234
53393233
53394433
53393245
53393257
53393268
53394303
53394314
53394420
53394431
53395338
53394312
53393470
53393358
53393332
53393322
53393321
53393311
53393301
53393372
53393382
53396489
53397500
53397510
53397520
53397531
53397530
53393751
53395702
53395735
53395746
53394439
53394483
53394463
53394759
53404050
53404051
53404052
53404062
53404063
53404074
53404064
53395711
53395437
53397418
53397417
53397406
53397405
53396495
53397416
53396722
53396703
53397521
53397522
53395525
53395774
53395784
53395795
53396715
53396747
53396758
53396769
53396779
53406070
53406080
53406090
53407000
53407010
53407020
53407030
53407040
53407050
53407051
53407062
53407072
53407073
53407083
53407093
54400003
54400013
54400023
54400033
54400043
54400053
54400054
54400064
54400074
54400084
54400094
54401004
54401005
53395753
53395411
53394358
53394368
53393527
53393517
53393516
53393506
53393505
53393504
53392583
53392573
53392563
53392553
53392544
53392534
53391592
53391591
53391590
53391499
53391498
53391488
53391487
53391476
53391466
53391456
53391445
53391438
53390477
53391455
53391477
53395695
53395561
53395571
53395581
53395591
53396501
53396521
53396531
53396540
53396550
53396590
53397429
53397439
53397458
53397468
53397477
53397487
53397497
53397496
54390406
54390416
54390426
54390436
54390446
54390456
53403028
53403058
53395440
53395450
53395451
53395465
53395476
53395486
53395485
53395495
53395494
53395493
53396730
53396740
53396741
53396751
53396784
53396795
53396796
53395435
53393449
53393448
53393421
53393319
53392335
53392325
53392315
53392305
53392316
53392317
53392338
53392464
53392484
53392494
53393406
53393429
53392592
53392582
53392572
53392561
53392551
53392541
53392540
53392530
53392520
53392510
53392500
53391580
53406040
53406041
53406042
53406043
53406053
53395217
53395227
53395247
53395238
53395218
53395209
53394299
53405228
53405238
53405248
53395445
53393555
53395438
53393464
53393782
53393531
53393521
53393522
53395466
53393229
53393219
53393218
53393217
53394521
53393572
53393553
53393543
53395215
53395214
53395224
53395234
53395233
53395242
53394266
53394237
53394227
53394217
53394207
53395432
53393643
53395562
53395572
53395573
53395583
53395584
53395574
53392596
53392595
53395699
53395679
53394313
53394404
53394403
53396405
53397309
53397319
53397400
53397401
53396491
53396492
53396493
53397404
53396494
53396496
53396497
53396488
53396552
53396543
53396533
53396544
53396534
53396517
53395690
53397706
53397717
53397727
53397747
53397758
53397768
53397779
53407070
53407081
53407082
53407092
54400014
54400025
54400026
54400036
54400047
54400048
54400049
54400140
54400151
54400162
54400172
54400182
54400192
54401102
54401113
54401124
54401134
54401145
54401155
54401166
54401177
54401187
54401198
54402109
54402119
54402220
54402230
54402241
54402252
54402262
54402273
54402283
54402293
54403213
54403224
54403235
54403245
54403256
54403267
54403277
54403287
54403297
54403298
54404218
54404219
54404330
54404340
54404341
54404352
54404363
54404373
54404383
54404394
54405304
54405324
54405334
54405345
54405355
54405365
54405375
54405386
54405395
54406305
54406325
54406334
54406343
54406344
54406353
54406324
54406315
54405385
54405335
54405314
54404229
54404208
54403246
54403203
54402210
54401165
54401144
54401123
54400141
53397748
53397737
53394339
53394205
53393546
53393583
53393535
53406054
53406064
53406074
53406085
53406086
53406097
53407007
53407008
53407009
53407100
53407110
53407121
53407131
53407141
53407151
53407161
53407171
53407181
53407192
54400102
54400112
54400122
53395499
53392680
53392589
53392409
53392419
53392408
53393659
53391594
53391595
53392505
53392506
53391586
53395734
53396591
53397501
53397502
53397512
53397513
53397523
53397524
53397534
53397535
53397545
53397546
53397547
53397557
53397558
53397568
53397569
53397579
53397670
53397680
53397671
53397681
53397682
53397672
53397673
53397662
53397661
53397660
53393742
53393741
53406044
53406039
53406135
53406250
53393376
53393366
53393365
53394410
53394412
53394413
53394423
53394426
53394796
53394786
53394787
53393750
53394265
53394255
53394245
53394244
53394236
53393216
53393208
53393209
53392299
53392390
53392381
53392372
53392363
53392354
53392346
53392347
53392431
53392422
53392413
53392414
53392415
53392416
53392417
53392501
53392421
53392364
53392371
53392380
53393507
53406050
53394758
53395681
53393379
53393368
53393383
53394323
53394461
53394369
53394359
53396794
53397716
53397778
53397788
53397789
53407080
53407091
54400004
54400015
54400046
54400056
54400066
54400067
54400077
54400087
54400088
54400098
54400024
54400037
54400193
54401114
54401146
54401168
54402222
54402244
54402276
54402288
54403310
54403333
54403364
54403386
54404318
54404440
54404470
54405411
54405432
54405455
54405454
54405444
54405443
54405433
54405421
54405401
54404490
54404480
54404460
54404450
54404430
54404420
54404329
54404319
54404308
54403397
54403375
54403365
54403354
54403353
54403343
54403332
54403322
54403321
54403311
54403300
54402299
54402287
54402286
54402275
54402265
54402255
54402233
54402223
54402211
54402200
54401199
54401189
54401178
54401158
54401157
54401147
54401136
54401126
54401116
54401105
54400132
53407191
53407130
53407120
53407019
53406096
53406063
53406052
53406032
53406021
53406011
53406010
53406000
53396709
53395799
53395788
53395787
53395777
53395457
53396404
53396403
53396413
53396422
53396441
53396451
53396461
53392376
53395575
53395239
53395249
53395248
53395259
53395269
53395279
53395380
53395390
53395391
53395289
53393471
53393452
53393436
53393437
53393427
53393419
53393409
53393500
53392591
53393446
53394304
53394302
53394300
53393299
53394214
53394224
53394223
53394222
53394232
53394231
53394241
53395761
53395771
53396412
53396318
53392453
53392454
53392444
53392434
53392435
53392425
53392424
53392445
53392465
53392475
53393405
53393415
53393425
53393465
53393475
53394405
53395414
53391413
53393345
53393335
53393325
53393315
53393316
53393306
53393305
53392395
53392385
53392375
53392365
53391550
53395764
53395745
53403090
53395555
53396600
53396610
53396529
53396528
53396538
53393261
53393251
53393241
53393250
53393260
53393169
53393168
53393167
53393177
53393270
53392574
53392543
53395395
53396646
53396601
53403037
53403047
53403046
53403036
53403093
53392562
53392552
53392531
53392429
53392428
53392438
53395587
53390483
53390494
53390412
52397393
53392545
53393494
53394345
53394355
53394365
53394364
53394363
53394422
53394402
53393512
53393511
53393561
53393560
53393499
53396460
53397307
53397306
53397305
53397315
53395693
53395682
53394344
53394451
53404061
53404032
53404025
53404015
53404016
53404027
53404017
53404018
53404028
53404038
53404048
53404057
53404067
53404068
53404140
53404141
53404132
53404122
53404113
53404123
53404124
53404125
53404115
53404116
53404117
53404127
53404128
53404118
53404109
53403199
53403290
53403291
53403292
53403283
53403284
53403285
53403275
53403276
53403277
53403267
53403268
53403258
53403259
53403249
53403340
53403330
53403331
53403322
53403312
53403257
53403256
53403265
53403274
53403273
53403272
53403281
53403280
53403270
53403179
53403189
53403188
53403187
53403186
53403185
53403175
53403184
53403194
53403193
53403192
53403191
53403190
53403099
53404009
53404008
53394724
53393243
53395590
53396500
53396429
53396439
53396449
53396459
53396469
53396468
53396478
53396487
53397414
53397424
53397434
53397433
53397432
53397422
53397421
53397410
53397326
53397316
52393725
52393726
52393736
52393737
52393746
52393756
52393766
52393777
52393745
53393318
53393632
53393510
53393520
53404007
53404019
53404110
53404111
53404112
53404126
53391479
53391489
53392550
53392560
53392571
53392581
53393501
53393532
53393542
53395593
53395592
53396502
53396520
53396530
53393686
53391434
53391429
53391428
53391427
53391417
53391407
53390497
53390487
53390478
53390540
53390530
53390520
53390419
53390409
52397499
53390510
53393488
53393489
53393571
53395596
53396786
53397738
53397739
53397749
53407060
53407061
53407071
54400034
54400044
54400085
54400095
54400096
54400097
54401008
54401018
54401028
54401027
54401037
54401047
54401057
54401066
54401076
54401086
54401095
54401094
53396206
53395296
53395286
53395285
53395276
53395266
53395256
53395246
53396205
53397476
53397485
53397495
54390404
54390414
54390413
54390423
54390433
54390432
54390442
54390451
54390461
54390470
54390460
54390471
54390472
54390473
54390483
54390494
54391404
54391405
54391416
54391406
53397486
53395582
53395597
53395393
53404011
53404002
53392554
53397777
53397494
53397447
53392564
53392555
53393378
53393498
53396663
53396672
53396682
53396673
53396485
53393340
53403096
53404006
53404029
53396563
53397511
53396582
53397314
53397324
53397323
53397333
53397342
53397352
53393556
53391447
53391457
53391467
53393621
53407001
53407011
53407002
53407003
53406093
53395475
53396677
53396687
53396696
53397606
53396686
53391520
54400089
54401007
54400086
53394785
52397389
52397480
52397490
52397491
53390402
53392491
53393665
53394354
53397799
54390709
54400000
54400010
54400020
54400021
54400031
54400032
54400075
54400076
54400027
54400016
54400006
53407095
53407084
53407074
53407063
53407053
53407052
53407042
53407032
53407031
53407021
53395442
53395441
53396320
53396330
53396340
53396249
53396259
53393469
53393440
53393430
53392399
53392389
53392388
53392378
53392368
53392358
53392348
53391397
53391387
53391377
53391367
53391357
53391347
53391337
53391327
53391317
53391307
53390397
53390387
53390386
53390376
53390366
53390356
53390346
53390345
53390335
53390325
53390315
52397394
53390326
53390336
53393337
53393328
53393338
53393349
53403140
53403150
53403151
53403161
53403162
53403172
53403182
53404104
53404136
53404146
53404147
53404158
53404148
53404138
53404119
53392579
53392670
53392660
53392691
53392650
53392651
53392641
53392642
53392653
53392652
53394462
53395570
53395580
53395560
53395727
53394766
53404072
53394492
53395400
53395410
53395354
53395353
53395362
53395361
53395372
53395386
53395398
53396308
53395399
53395389
53395480
53395717
53394784
53394795
53394228
53403075
53403065
53403055
53403045
53403035
53403026
53396628
53396638
53396483
53396482
53396481
53396484
53397459
53397469
53397489
53397499
54390408
54390427
54390445
54390454
54390463
54390482
54390491
54391400
54391319
54391328
54391336
54391345
54391344
54391353
54391362
54391361
54391370
54391360
54391350
54391340
54391249
54391239
54391327
54391309
54390490
54390455
54390418
53397479
53396624
53396692
53397602
53397612
53397613
53397623
53397633
53397643
53397653
53397663
53397683
53397693
54390603
54390613
54390623
54390624
54390635
54390645
54390655
54390654
54390664
54390674
54390673
54390683
54390693
54391603
54391613
54391623
54391633
54391634
54391635
54391646
54391636
54391626
54391616
54391606
54390696
54390686
54390687
54390677
54390667
54390657
54390647
54390646
54390636
54390626
54390616
54390606
53397697
53397687
53397677
53397667
53397657
53397647
53397637
53397627
53397617
53397607
53395697
53397328
53397327
53397337
53397336
53394361
53395491
53395489
53392662
53392672
53403066
53403056
53403009
53402161
53402151
53402142
53402132
53402123
53402114
53402104
53401194
53401184
53401175
53401165
53401155
53401145
53401135
53401136
53401126
53401116
53401117
53401118
53401108
53400198
53400199
53400189
53400270
53400271
53400262
53400261
53400280
53401109
53401185
53402124
53402133
53402152
53403074
53396738
53396728
53396719
53395553
53395533
53397536
53397537
53397527
53397528
53397518
53397519
53397509
53397600
53396690
53396691
53396681
53396671
53396664
53396665
53396537
53396515
53404036
53404161
53397622
53397632
53397642
54390405
54390424
54390415
53397478
53393457
53401279
53401289
53401288
53401298
53401297
53402207
53402216
53402225
53402235
53402234
53402244
53402254
53402253
53402263
53402273
53402283
53402294
53402293
53402292
53403202
53403212
53403211
53403221
53403210
53403220
53403129
53403128
53403137
53403146
53403145
53403155
53403154
53403164
53403163
53403173
53392586
53396539
53396327
53396326
53396336
53396335
53396345
53396344
53391475
53391464
53391453
53391452
53391441
53391430
53391339
53391328
53391316
53391305
53390394
53390393
53390382
53390371
53390370
53390258
53390247
53390236
53390225
53390214
53390204
52397293
52397282
52397271
52397270
52397169
52397168
52397157
52397146
52397135
52397134
52397123
52397112
52397132
52397141
52397151
52397171
52397181
52397190
53390110
53390111
53390122
53390132
53390153
53390144
53390154
53390143
53390100
52397161
52397142
52397122
52397113
52397145
52397260
53390246
53390381
53391304
53391329
53391431
53395232
53395240
53395149
53395148
53395158
53395157
53395167
53395138
53395250
53395260
53395271
53395282
53395291
53395290
53395280
53395189
53395179
53395270
53395261
53395251
53404042
53404053
53404054
53404065
53404066
53404160
53404174
53404185
53404187
53404188
53404189
53404199
53404290
53405200
53405210
53405211
53405221
53405220
53405212
53405214
53405109
53404163
53404055
53391468
53391458
53404168
53404176
53404179
53404291
53405202
53405244
53405255
53405265
53405275
53405276
53405286
53405296
53405297
53406207
53406217
53406227
53406237
53406247
53406257
53406236
53406226
53405254
53404075
53403068
53403049
53391239
53391228
53391238
53391237
53391227
53391218
53391208
53392308
53396626
53396636
53394264
53394263
53393443
53397442
53397452
53397451
53397450
53397460
53397369
53397379
53397378
53397388
53397387
53397397
54390307
54390316
54390326
54390306
53396734
53406051
53392412
53392403
53395756
53395758
53395768
53395769
53395779
53405070
53405080
53405081
53405071
53396717
53404069
53404079
53404089
53404099
53405009
53405008
53396333
53392462
53391226
53391216
53391225
53391215
53391214
53391204
53391203
53390292
53391202
53391201
53390291
53391200
53390290
53390199
53390189
53390188
53390178
53390177
53390176
53390185
53390195
53390175
53393422
53393411
53404033
53404034
53404045
53404044
53404043
53395683
53396612
53396622
53396632
53396642
53392526
53392527
53397341
53397351
53397361
53397371
53397382
53397391
54390301
53397390
53397380
53397289
53403110
53403111
53403102
53402193
53402183
53402174
53402164
53402165
53402166
53402156
53402157
53402148
53402138
53402128
53402118
53402119
53402109
53402200
53401291
53401281
53401282
53401272
53401273
53401274
53401275
53401266
53401267
53401257
53401258
53401249
53401340
53401341
53401331
53401330
53396419
53396438
53396447
53403064
53394310
53395728
53395729
53395719
53405011
53405003
53405004
53404094
53404085
53404076
53404152
53404153
53404143
53404144
53404154
53404164
53404183
53404182
53404181
53404191
53404190
53405018
53405027
53405037
53405036
53405046
53405045
53405055
53405054
53405065
53405074
53405084
53405083
53405073
53405063
53405062
53405052
53405042
53405041
53405040
53395749
53392643
53396234
53397095
53397094
53397093
54390003
54390004
54390013
54390012
54390014
53393333
53393334
53393344
53396378
53396753
53397722
53397701
53394284
53394283
53394293
53397449
54390409
54390417
54390464
54391318
54391337
54391354
54391352
54391279
54391289
54391298
54392207
54392206
54392215
54392214
54392224
54392223
54392222
54392232
54392216
54391297
54390481
53394788
53394778
53393416
53393417
53394386
53395556
53404046
53404165
53404166
53404169
53404260
53404261
53404262
53404272
53404273
53404283
53404284
53404294
53404295
53405205
53405215
53405216
53405226
53405237
53405249
53405330
53405340
53405341
53405342
53405353
53405354
53405355
53405356
53405357
53405367
53405368
53405379
53405470
53405471
53405481
53405472
53405482
53405473
53405483
53405484
53405475
53405485
53405486
53405497
53405496
53405495
53406404
53406403
53405492
53405491
53405480
53405490
53405399
53405398
53406307
53406306
53406305
53406315
53406304
53405393
53405392
53405382
53405371
53405370
53405360
53405269
53405268
53405257
53405256
53405263
53405273
53405282
53405281
53405291
53405290
53406109
53406108
53406107
53406106
53406105
53406104
53406103
53406102
53406101
53405190
53405099
53405098
53405097
53405096
53405095
53405085
53405092
53405082
53405091
53405093
53405087
53406100
53390319
53403053
53403054
53396503
53396458
53396349
53396357
53396365
53396706
53396641
53396569
53396579
53396578
53396588
53396597
53396596
53397506
53397516
53397515
53397525
53397544
53397553
53397563
53397562
53397572
53396587
53391497
53391465
53391454
53391444
53391443
53391442
53391432
53391421
53391411
53391410
53396625
53396635
53396634
53396605
53392568
53392569
53392559
53392547
53392548
53396239
53396248
53396247
53396269
53396278
53396351
53392327
53392498
53395484
53394282
53394294
53395204
53395207
53394297
53397621
53397611
53394793
53394794
53395716
53396507
53396518
53396558
53396568
53396567
53396577
53396586
53397526
53396227
53396237
53396236
53395423
53392449
53392448
53392427
53392426
53394320
53397541
53397551
53397561
53397571
53397581
53397592
54390502
54390512
54390522
54390532
54390542
54390552
54390562
54390563
54390573
54390583
54390574
54390584
54390564
54390593
54391503
54391504
54391514
54391513
54391523
54390582
54390572
53397560
53397550
53397540
53396437
53396427
53396426
53396417
53393414
53393404
53392418
53395370
53395360
53395350
53395368
53395369
53396683
53396693
53397603
54390622
54390632
54390643
54390633
53397674
53397664
53397665
53397655
53397646
53397636
53397626
53397616
52406241
52406231
52406221
52406211
52406201
52405290
52405280
52405189
52405188
52405178
52405177
52405167
52405156
52405146
52405145
52405155
52405154
52405144
52405143
52405153
52405152
52405141
52405140
52405049
52405039
52405038
52405027
52405017
52405007
52405006
52405005
52404095
52404085
52404075
52404074
52404063
52404062
52404052
52404051
52404041
52404040
52404030
52394739
52394728
52394727
52394717
52394716
52394715
52394704
52394703
52393792
52393791
52393780
52393790
52393689
52393699
52394729
52405151
52405291
52406220
52406232
53406253
53407316
53394218
53394235
53394225
53391395
53392304
53391393
53391376
53391366
53391308
53390398
53390388
53390378
53390379
53390369
53390460
53390450
53393373
53404004
53404005
53403095
53403097
53403098
53403088
53403078
53403079
53403069
53403160
53397656
53397666
53397675
53397685
53397695
54390605
54390615
54390625
53396479
53390377
53390367
53390357
53390347
53390337
53390327
53390318
53405021
53405031
53405032
53405043
53405044
53405066
53405077
53405078
53405088
53406110
53406120
53406121
53406131
53406132
53406142
53406143
53406144
53406145
53406146
53406156
53406157
53406168
53406169
53406270
53406271
53406272
53406282
53406292
53406293
53407203
53407204
53407214
53407215
53407226
53407236
53407247
53407257
53407268
53407279
53407370
53407246
53405067
53393667
53396506
53393247
53402181
53402172
53402173
53402158
53402149
53402240
53402231
53402232
53402233
53402224
53402226
53402206
53404041
53406095
53407140
54400142
54401156
54401148
54401149
54401230
54401139
54401138
54401128
54401118
54401117
54401107
54401106
54400113
54400103
53407182
53407172
53391704
53390794
53390783
53390773
53390763
53390764
53390754
53390753
53390774
53390784
53391705
53391715
53391716
53391727
53391738
53391739
53401096
53402016
53406075
53406084
53406083
53406092
53406091
53393633
53393458
53393459
53392537
53392538
53392539
53392620
53392640
53392631
53392632
53395344
53395387
53396319
53395759
53396611
53396621
53397338
53397347
53397357
53397367
53397377
53397386
53397396
54390305
54390315
54390314
54390324
54390333
54390343
54390353
54390362
54390363
54390373
54390383
53395424
53395772
53395782
53403089
53395371
53391728
53395342
53403130
53397631
53397641
53397651
53397650
53397640
53402140
53402005
53401074
53401061
53402015
53402026
53391398
53391388
53391378
54390503
53397593
53397583
53397573
53397554
53396649
53396659
53396669
53396679
53396678
53396688
53396697
53396698
53396258
53396267
53396276
53397205
53397215
53397225
53397224
53397234
53397244
53397254
53396277
53396257
53396670
53397601
53396599
53396589
53396557
53396556
53392483
53392692
53393602
53393603
53393613
53393623
53397350
53397269
53397278
53397287
53397288
53397279
53397259
53396397
53395298
53395288
53395287
53395277
53392323
53391207
53390297
53390296
53390286
53390275
53390274
53390264
53390263
53390262
53390252
53390251
53390241
53390231
53390221
53390232
53390223
53396218
53404090
53405000
53405022
53405023
53405033
53405047
53405057
53405058
53405059
53405069
53405160
53405161
53405162
53405163
53405154
53405155
53405145
53405146
53405153
53405152
53405151
53405150
53405140
53405039
53405028
53405017
53405006
53405005
53404084
53404083
53404073
53393763
53393753
54390356
54390395
54391316
54390398
53393424
53395316
53395268
53402115
53402105
53402106
53401195
53401196
53401186
53401187
53401188
53401178
53401169
53401179
53395245
53404035
53395299
53391573
53391572
53391409
53391419
53391510
53404103
53404114
53392671
53392633
53392623
53392613
53392612
53392602
53392601
53391691
53393794
53394705
53395718
53392549
53392528
53393447
54390642
54390652
54390661
54390671
54390681
54390691
54391601
54391610
54391620
54391529
54391539
54391640
54391650
54391651
54391661
54391660
54391670
54391680
54391690
54391599
54391589
54391588
54390651
54390612
53393371
53391478
53404081
53405013
53405014
53405015
53405026
53405025
53407193
53393327
53392396
53392386
53392344
53391350
53391340
53390248
52397287
53393317
53395208
53405156
53405157
53405158
53405159
53405240
53405231
53405232
53405233
53405234
53405245
53405246
53405247
53405239
53405219
53405218
53405217
53405206
53404296
53404285
53397589
53397599
54390509
54390518
54390528
54390538
54390548
54390558
54390559
54390569
54390660
54390670
54390680
54390692
54391602
54391643
54391642
53396309
53405164
53405165
53405250
53405332
53405333
53405334
53405335
53405345
53405336
53405337
53405327
53405328
53405318
53405319
53405410
53405309
53404399
53404388
53404387
53404386
53404385
53404384
53404394
53404393
53404382
53404371
53404370
53404269
53404278
53404277
53404286
54403486
54403485
54403475
54403474
54403473
54403472
54403471
54403470
54403379
54403378
54403367
54403366
54403355
54402289
54402234
54401179
54401125
54401104
54401103
54400161
54400150
54400059
54400058
54400045
54390729
54390728
54390737
54390727
54390726
54390715
54390705
53397794
53397784
53397783
53397649
53397638
53397615
53397604
53396694
53393426
53393403
53392489
53392580
53390242
53390233
53390240
53390230
53390139
53390138
53390147
53390146
53390145
53390112
52397180
52397102
53391463
53391486
53396516
53396562
53390285
53390224
53397605
53397648
53397658
53397668
53397678
53397679
53392681
53394204
53392473
53391446
53391423
53391412
53391400
53391309
53390396
53390385
53390384
53390383
53390380
53390289
53390287
53390284
53390295
53391384
53391394
53404157
53396408
53396573
53396583
53396593
53397503
53397504
53397514
53397556
53397566
53397567
53390550
53390551
53390541
53390531
53390521
53390511
53390512
53390502
54390537
54390546
54390536
53395147
53395156
53395166
53395165
53395164
53395154
53395163
53395173
53395172
53395137
53395127
53395118
53395108
53395109
53394199
53394290
53394280
53394281
53394262
53397669
54390741
54390751
53392590
53392499
53394399
53396342
53396352
53396362
53396361
53396371
53396381
53396391
53397301
53397302
53396384
53396375
53395310
53397392
53396448
53395778
53395789
53405090
53394797
53394708
53396581
53396713
53396724
53396725
53392333
53392332
53392331
53392341
53393329
53392373
53396735
53396498
53396486
53396476
53396475
53396474
53396464
53396454
53396442
53403136
53403213
53403204
53403205
53403206
53403207
53403208
53403209
53402299
53402390
53402391
53402392
53402393
53402394
53403305
53403306
53402397
53402388
53407111
53407112
53407122
53407113
53407123
53407133
53403307
53403308
53402398
53402399
53396757
53396767
53397703
53397688
53397704
53396553
53403282
53403266
53403333
53403334
53403324
53403325
53397362
53397353
53397354
53397355
53397356
53397366
53397368
53397470
53397461
53395775
53395315
53395326
53395325
53397700
53396699
53396689
53396666
53395433
53397542
53397552
53392461
53393367
53393357
53392622
53392614
53392604
53392605
53391696
53391686
53391687
53391677
53391678
53391669
53391659
53391750
53391740
53391741
53391731
53391732
53391722
53391723
53391724
53391735
53391736
53391737
53401075
53401076
53401066
53401067
53401068
53401069
53401059
53401049
53401140
53401079
53401089
53401099
53402009
53402019
53402120
53397407
53397426
53397425
53397435
53397444
53397454
53397453
53397462
53397472
53391217
53397455
53397445
53397446
53397436
53397437
53392478
53392468
53392458
53392437
53392407
53391418
53390468
53390448
53390438
53390428
53390418
52397489
52397580
52397479
52397560
52397550
52397540
52397530
52397531
52397521
52397511
52397501
52397500
52396590
52396580
52396489
52396479
52396560
52396550
52396540
52396530
52396520
52396510
52396501
52395591
52395580
52395570
52395581
52397520
53392516
53392515
53392565
53393487
53405141
53405131
54400068
54400078
54400099
54400079
53390348
53396707
53404102
53404101
53404133
53392447
53391532
53391522
53392446
53392455
53392466
53393476
53392443
53392433
53392423
53392404
53401063
54390529
54390519
54390610
54390600
53397360
53397363
53397373
53397374
53397384
53397385
53396505
53403180
53396355
53396377
53396387
53397227
53397217
54390634
53390148
53390157
53390167
53390166
53392533
53396790
53397710
53397629
53397628
53396545
53396428
53395351
53395225
53391416
53391415
53391405
53390491
53390481
53390471
53390461
53390451
53390441
53391496
53392406
53392570
53392459
53392493
53397610
53392630
53392610
53392600
53391690
53395785
53396756
53397639
54390760
54390771
54390781
54390791
53397488
53397498
54390428
54390438
53396768
53395396
53397258
53397248
53397238
53397237
53395359
53406045
53406046
53406036
53406037
53406038
53406029
53396328
53396477
53397538
53397539
53397630
53404271
53404282
53404293
53405203
53405204
53405225
53405236
53405381
53395257
53396246
53396256
53397249
53405227
53405320
53404060
53404071
53391474
53391451
53391450
53391460
53391369
53391368
54400180
54400170
54400171
53403018
53396566
53396555
53396554
53396354
53396343
53394179
53394178
53394177
53405050
53405060
53407018
54402221
54402232
54402242
54402243
54402253
54402263
54402264
54402274
54402285
54402295
54403205
54403206
54403216
54403227
54403237
54403247
54403257
54403278
54403288
54403299
54404209
54404320
54404321
54404331
54404332
54404342
54405366
54403217
53396750
53397619
53397795
53397796
54390706
53390480
53390389
53390399
53391306
53391326
53391336
53391346
53391356
53391365
53392306
53391399
53391490
53391491
53391481
53391472
53391482
53391483
53391493
53392456
53392457
53392467
53392479
54390389
54390399
54391308
54391307
54391317
54390480
54390462
54390452
54390443
53396592
53391248
53391258
53391257
53391267
53391266
53391276
53391286
53391285
53391295
53392469
53390490
53392529
53405223
53393282
53393291
53394202
53394210
53393255
53393235
53404039
53404049
53392336
53392326
53394168
53393361
53393360
53393350
53392298
53392297
53406303
53404086
53392384
53392374
53392353
53392342
53392343
53400292
53401203
53401213
53401214
53401224
53401225
53401226
53401227
53401237
53401238
53401248
53401268
53401278
53401299
53402300
53402310
53402320
53402321
53402330
53402249
53402248
53402258
53402267
53402277
53402276
53402286
53402285
53402284
53402282
53402281
53402280
53402189
53402188
53402187
53402186
53402195
53402194
53403104
53403103
53403113
53403122
53403121
53403120
54390007
54390027
54390037
54390047
54390058
54390067
54390077
54390087
54390097
54390098
54390099
54391009
54391008
54391018
54391028
54391038
54391048
54391049
54391059
54391160
54391151
54391162
54391152
54391142
54391143
54391144
54391145
54391146
54391156
54391157
54391158
54391159
54391250
54391260
54391261
54391272
54391273
54391274
54391275
54391276
54391277
54391278
53392288
53397582
54390592
54391502
54391512
54391522
54391532
53391439
53393441
53391343
53404170
53392523
53392513
53392512
53392502
53391541
53396576
53396575
53396574
53396572
53395267
53393240
53393230
53406012
53396565
53395479
53393331
53393320
53393310
53395297
54403209
54405442
54405463
54405484
54405495
54406416
54406418
54406439
54406459
54406560
54406580
54407501
54407522
54407543
54407553
54407532
54407511
54406590
54406449
54406428
54405474
54405452
54405422
54403396
53406112
53406113
53406114
53406115
53406126
53406127
53406128
53406129
53406230
53406241
53406242
53406243
53406254
53406255
53406266
53406267
53406277
53406278
53406289
53406380
53406390
53406391
53406392
53406393
53406394
53407305
53407306
53407307
53407308
53407318
53407319
53407329
53407410
53407411
53407422
53407423
53407412
53407420
53406395
53406288
53394706
54401006
54400057
53394260
53392278
53392269
53392268
53392258
53392259
53392249
53392239
53392330
53397408
53397559
53392217
53392227
53391402
53403195
53404105
53404134
54390513
54390523
54390533
54390543
54390553
54390594
54391524
54391534
54391544
54391545
54391555
54391565
54391564
54391553
54391552
53403080
53393789
53393799
53402059
53393351
53395255
53395254
53394233
53394159
53396457
54390407
53404280
53403063
53393413
53393423
53407114
53407115
53407125
53397555
53397576
53397575
53397585
53397595
54390505
54390515
54390516
54390517
54390527
54390568
54390567
54390557
54390556
54390535
54390525
54390524
54390514
54390501
53397591
53397590
53397580
54390419
54390429
54390520
54390530
54390531
54390541
54390585
54390586
54390596
54390597
54391507
54391508
54391518
54391630
54391600
53396584
53404077
53404078
53395272
53395283
53395293
53402048
53402058
53394246
54400069
53392236
53392207
53392208
53391298
53391288
53391289
53391279
53391269
53391259
53391249
54400173
54400183
54401115
54402272
54402282
54402292
54403223
54403233
54403243
54403253
54403264
54403275
54403285
54403295
54392352
54392361
54392360
54392269
54392279
54392278
54392300
53392519
53393668
53397411
53392661
53405252
53405242
53405243
53393227
53393207
53392287
53392277
53392248
53392238
53392228
53392218
53391299
53391206
54400223
54400212
54400211
54400210
54400200
54400109
53407199
53407188
53407178
53407177
53407167
53407156
53407155
53407154
53407144
53407143
53407142
53406031
54400065
53390413
53390403
52397493
52397484
52397474
52397465
52397455
52397456
52397446
52397436
52397426
52397416
52397406
52397407
52396497
52396487
52396488
52397467
52397477
52397488
53396598
53397507
53397533
53397543
53393740
53396219
53396684
54390731
54390555
54391521
54391530
54391531
53397746
53392436
53391492
53391470
53391359
53391358
53391348
53391325
53391315
53391314
53391303
53390372
53390362
53390361
53390351
53390350
53390340
53391471
53397696
54390668
54390678
54390688
54390698
54390699
54391609
54390658
52397010
52397011
52397001
52397020
52397021
52397002
52397003
52396094
52396084
52396085
52396076
52396077
52396087
52396088
52396089
52396190
52396191
52397133
52397156
53390279
53396432
53391523
53391533
53391543
53391544
53391554
53391565
53391566
53391576
53391577
53391567
53404151
53405321
53405310
53397304
54390665
52397534
53405072
53393336
53390273
53390272
53390261
53390260
53390169
53390159
53390158
53393294
53394213
53394211
53397729
53407126
53407137
53407147
53407148
53407158
53407168
53407179
53407189
53407280
53407291
53407292
54400202
54400203
54400213
53407290
53407101
53405222
53396661
53397620
53397549
53397578
53397654
53397645
54392600
54392610
54392620
54392630
54392640
54392549
53405350
53397370
54390300
54390320
54390330
54390340
54390259
54390258
54390267
54390266
54390275
54390284
54390294
54391203
54391212
54391222
54391231
54391240
54391149
54391168
54391178
54391187
54391197
54392107
54392117
54392126
54392136
54392146
54392156
53404087
53396425
52397570
52397571
53390449
53390488
53391408
54390631
54390621
53397692
53395223
53395222
53395231
53395230
53397691
54390602
54390679
54390780
54390770
54390792
54390793
54391703
54391704
54391715
54391716
54391726
54391736
54391737
54391747
54391748
54391758
54391768
54391779
54401070
54401080
54401090
54401091
54402001
54402002
54402012
54402013
54402023
54402033
54402034
53390215
53390235
53390256
53390266
53390276
53391300
53391311
53391322
53391332
53391333
53391344
53391354
53392319
53392420
53392442
53402029
53402110
53402100
53401190
53401180
53401039
53401029
53401019
53401009
53400099
53400190
53400180
53400171
53400161
53400151
53400152
53400142
53400132
53400122
53400121
53400111
53400101
52407191
52407192
52407181
52407171
52407161
52407152
52407142
52407141
52407132
52407122
52407112
52407102
52407101
52406191
52406181
52406180
52406170
52406160
52406161
52406150
52406151
52406141
52406131
52406121
52406120
52406110
52406100
52406101
52405191
52405181
52405171
52405172
52405161
52405162
53397532
53392488
53391331
53391321
53391301
53390391
53402171
53402162
53402143
53402134
53402153
52397286
52397275
52397274
52397263
52397262
52397261
52397250
53396714
53393339
53393463
52397473
52397472
52397462
53393402
53393307
53392367
53392357
53392369
53392460
52397395
52397396
